                                                  
                                                                                                                                                                                                                                                                
   RADII        E_HF           E_CCSDT
     0.8   -111.2663876   -111.6093030
     0.9   -111.6603402   -112.0240211
     1.0   -111.8467630   -112.2362180
     1.1   -111.9205760   -112.3332759
     1.2   -111.9393442   -112.3671726
     1.3   -111.9392935   -112.3691914
     1.4   -111.9379429   -112.3568327
     1.5   -111.9391517   -112.3386762
     1.6   -111.9423372   -112.3207082
                                                  
